{
  "page": {
    "page_number": 411,
    "header": "MATHEMATICAL TABLES",
    "blocks": [
      {
        "type": "table",
        "caption": "TABLE VIII. (contd.)",
        "columns": [
          "Degrees",
          "0'",
          "6'",
          "12'",
          "18'",
          "24'",
          "30'",
          "36'",
          "42'",
          "48'",
          "54'",
          "Mean Differences"
        ],
        "rows": [
          [
            "0",
            "1.000000",
            "0.999848",
            "0.999394",
            "0.998647",
            "0.997564",
            "0.996195",
            "0.994522",
            "0.992546",
            "0.990268",
            "0.987688",
            "0.000000"
          ],
          [
            "1",
            "0.999848",
            "0.999696",
            "0.999238",
            "0.998492",
            "0.997564",
            "0.996195",
            "0.994522",
            "0.992546",
            "0.990268",
            "0.987688",
            "0.000046"
          ],
          [
            "2",
            "0.999394",
            "0.999238",
            "0.998780",
            "0.998045",
            "0.996195",
            "0.994522",
            "0.992546",
            "0.990268",
            "0.987688",
            "0.984808",
            "0.000112"
          ],
          [
            "3",
            "0.998647",
            "0.998492",
            "0.998045",
            "0.997309",
            "0.996195",
            "0.994522",
            "0.992546",
            "0.990268",
            "0.987688",
            "0.984808",
            "0.000180"
          ],
          [
            "4",
            "0.997564",
            "0.997309",
            "0.996195",
            "0.995095",
            "0.994522",
            "0.992546",
            "0.990268",
            "0.987688",
            "0.984808",
            "0.981627",
            "0.000267"
          ],
          [
            "5",
            "0.996195",
            "0.994522",
            "0.994522",
            "0.992546",
            "0.990268",
            "0.987688",
            "0.984808",
            "0.981627",
            "0.978148",
            "0.974370",
            "0.000394"
          ],
          [
            "6",
            "0.994522",
            "0.992546",
            "0.990268",
            "0.987688",
            "0.984808",
            "0.981627",
            "0.978148",
            "0.974370",
            "0.970296",
            "0.965926",
            "0.000535"
          ],
          [
            "7",
            "0.992546",
            "0.990268",
            "0.987688",
            "0.984808",
            "0.981627",
            "0.978148",
            "0.974370",
            "0.970296",
            "0.965926",
            "0.961261",
            "0.000714"
          ],
          [
            "8",
            "0.990268",
            "0.987688",
            "0.984808",
            "0.981627",
            "0.978148",
            "0.974370",
            "0.970296",
            "0.965926",
            "0.961261",
            "0.956304",
            "0.000940"
          ],
          [
            "9",
            "0.987688",
            "0.984808",
            "0.981627",
            "0.978148",
            "0.974370",
            "0.970296",
            "0.965926",
            "0.961261",
            "0.956304",
            "0.951057",
            "0.001235"
          ],
          [
            "10",
            "0.984808",
            "0.981627",
            "0.978148",
            "0.974370",
            "0.970296",
            "0.965926",
            "0.961261",
            "0.956304",
            "0.951057",
            "0.945519",
            "0.001565"
          ],
          [
            "11",
            "0.981627",
            "0.978148",
            "0.974370",
            "0.970296",
            "0.965926",
            "0.961261",
            "0.956304",
            "0.951057",
            "0.945519",
            "0.939693",
            "0.001940"
          ],
          [
            "12",
            "0.978148",
            "0.974370",
            "0.970296",
            "0.965926",
            "0.961261",
            "0.956304",
            "0.951057",
            "0.945519",
            "0.939693",
            "0.933580",
            "0.002327"
          ]
        ]
      }
    ]
  },
  "cost": 0.0011750999999999999
}